preprocess:
  dbscan_eps: 0.008
  dbscan_min_points: 30

grasp_planner:
  obstacle_distance_threshold: 0.06
  object_boundary_threshold: 0.01
  approach_distance: 0.01
  num_cvx_samples: 15

plant_simulator:
  num_box_pts: 25
  close_branch_distance: 0.05
  graph_voxel_size: 0.005
  nn_radius: 0.008

  deform_iters: 300
  energy_converge_threshold: 0.00001

octomap:
  voxel_size: 0.003

action:
  move_type: '3D-6directions'
  move_min_dist: 0.00
  move_max_dist: 0.08
  move_steps: 4

view_params:
  front: [-0.72719746380345296, -0.65442554290856003, 0.20714984293178301]
  lookat: [-0.16539800516476486, 0.737540449204104, 0.41621635030538628]
  up: [0.10859730785732971, 0.18829519911886816, 0.97608992552680629]
  zoom: 0.21999999999999958
